id,name
1,user:write
2,user:read
